2  13  20  2  10 

91.0 99.0 112.0 140.0 112.0 117.0 106.0 82.0 77.0 133.0 123.0 114.0 101.0 136.0 122.0 90.0 103.0 105.0 109.0 110.0 114.0 97.0 92.0 105.0 73.0 90.0 105.0 124.0 76.0 103.0 103.0 106.0 111.0 94.0 104.0 94.0 125.0 79.0 119.0 138.0 102.0 104.0 110.0 103.0 108.0 109.0 97.0 106.0 81.0 97.0 137.0 90.0 135.0 94.0 97.0 122.0 76.0 105.0 88.0 128.0 110.0 101.0 92.0 127.0 113.0 91.0 97.0 97.0 144.0 110.0 117.0 129.0 119.0 107.0 88.0 136.0 102.0 92.0 107.0 108.0 118.0 109.0 114.0 92.0 103.0 104.0 101.0 109.0 106.0 122.0 119.0 69.0 108.0 129.0 111.0 97.0 69.0 69.0 116.0 117.0 88.0 122.0 86.0 140.0 98.0 92.0 95.0 89.0 95.0 122.0 71.0 71.0 128.0 103.0 117.0 108.0 90.0 122.0 110.0 71.0 108.0 135.0 99.0 101.0 78.0 104.0 113.0 113.0 130.0 83.0 138.0 113.0 80.0 72.0 91.0 94.0 88.0 116.0 111.0 112.0 83.0 102.0 115.0 87.0 124.0 75.0 143.0 109.0 137.0 103.0 118.0 103.0 92.0 88.0 78.0 138.0 64.0 135.0 75.0 126.0 117.0 97.0 100.0 97.0 121.0 105.0 91.0 101.0 84.0 88.0 110.0 118.0 106.0 89.0 97.0 114.0 108.0 96.0 104.0 118.0 78.0 105.0 99.0 83.0 102.0 93.0 100.0 102.0 94.0 104.0 70.0 89.0 80.0 107.0 93.0 102.0 117.0 114.0 117.0 103.0 85.0 102.0 61.0 121.0 98.0 125.0 111.0 88.0 118.0 102.0 92.0 88.0 67.0 117.0 124.0 116.0 117.0 102.0 97.0 134.0 130.0 79.0 129.0 92.0 99.0 92.0 114.0 88.0 91.0 88.0 81.0 113.0 100.0 138.0 99.0 91.0 126.0 120.0 81.0 102.0 76.0 119.0 117.0 94.0 91.0 135.0 127.0 112.0 99.0 87.0 88.0 106.0 136.0 92.0 95.0 106.0 90.0 90.0 122.0 86.0 125.0 109.0 101.0 96.0 83.0 102.0 86.0 137.0 118.0 88.0 109.0 112.0 109.0 106.0 137.0 111.0 96.0 103.0 95.0 102.0 86.0 123.0 121.0 110.0 87.0 101.0 91.0 102.0 100.0 108.0 108.0 95.0 125.0 89.0 96.0 84.0 104.0 70.0 80.0 97.0 102.0 80.0 87.0 97.0 86.0 99.0 117.0 91.0 132.0 81.0 67.0 115.0 104.0 86.0 121.0 79.0 85.0 113.0 113.0 80.0 117.0 117.0 88.0 83.0 106.0 75.0 125.0 99.0 107.0 103.0 99.0 94.0 91.0 111.0 112.0 72.0 115.0 76.0 118.0 91.0 66.0 103.0 89.0 67.0 113.0 124.0 125.0 87.0 108.0 91.0 100.0 102.0 85.0 104.0 99.0 122.0 85.0 93.0 96.0 110.0 114.0 109.0 132.0 109.0 102.0 123.0 103.0 63.0 114.0 89.0 82.0 96.0 118.0 139.0 81.0 112.0 88.0 79.0 127.0 117.0 88.0 107.0 139.0 121.0 75.0 85.0 102.0 130.0 89.0 81.0 107.0 92.0 105.0 124.0 94.0 79.0 87.0 113.0 117.0 100.0 
8.0 5.0 5.0 3.0 2.0 3.0 5.0 5.0 8.0 10.0 12.0 11.0 10.0 8.0 7.0 6.0 6.0 4.0 4.0 4.0 4.0 10.0 4.0 11.0 5.0 5.0 2.0 7.0 6.0 11.0 9.0 5.0 10.0 5.0 4.0 9.0 12.0 4.0 6.0 3.0 10.0 7.0 5.0 6.0 5.0 6.0 7.0 6.0 3.0 3.0 3.0 7.0 9.0 5.0 6.0 9.0 5.0 6.0 3.0 12.0 5.0 3.0 4.0 9.0 5.0 4.0 4.0 3.0 11.0 5.0 12.0 10.0 6.0 5.0 9.0 7.0 5.0 3.0 3.0 5.0 4.0 3.0 3.0 4.0 3.0 4.0 11.0 9.0 4.0 12.0 9.0 2.0 10.0 14.0 8.0 10.0 2.0 3.0 8.0 9.0 8.0 6.0 7.0 6.0 3.0 9.0 9.0 7.0 3.0 11.0 7.0 7.0 6.0 4.0 11.0 4.0 3.0 9.0 11.0 5.0 6.0 6.0 9.0 10.0 8.0 7.0 11.0 11.0 6.0 9.0 13.0 3.0 6.0 2.0 3.0 6.0 5.0 8.0 6.0 7.0 6.0 5.0 10.0 8.0 7.0 2.0 7.0 8.0 11.0 6.0 4.0 8.0 3.0 5.0 5.0 5.0 6.0 3.0 8.0 6.0 9.0 3.0 4.0 2.0 10.0 10.0 6.0 11.0 6.0 5.0 7.0 11.0 3.0 9.0 2.0 5.0 10.0 4.0 4.0 6.0 5.0 2.0 7.0 5.0 6.0 9.0 8.0 5.0 6.0 6.0 2.0 7.0 2.0 8.0 3.0 6.0 3.0 4.0 7.0 9.0 3.0 7.0 3.0 10.0 4.0 4.0 4.0 6.0 7.0 5.0 3.0 8.0 3.0 7.0 3.0 8.0 9.0 10.0 10.0 8.0 11.0 2.0 14.0 7.0 8.0 5.0 7.0 3.0 9.0 2.0 4.0 10.0 5.0 3.0 4.0 7.0 10.0 11.0 3.0 10.0 7.0 7.0 7.0 4.0 7.0 11.0 13.0 4.0 9.0 9.0 4.0 8.0 8.0 6.0 4.0 6.0 3.0 8.0 6.0 7.0 10.0 11.0 2.0 10.0 4.0 6.0 7.0 3.0 2.0 5.0 4.0 6.0 6.0 6.0 3.0 7.0 4.0 6.0 3.0 4.0 7.0 3.0 11.0 4.0 6.0 5.0 2.0 2.0 8.0 5.0 5.0 9.0 3.0 7.0 7.0 7.0 3.0 6.0 4.0 3.0 10.0 7.0 9.0 10.0 5.0 8.0 7.0 8.0 5.0 6.0 7.0 7.0 6.0 7.0 10.0 5.0 4.0 5.0 12.0 8.0 9.0 6.0 3.0 7.0 3.0 7.0 6.0 7.0 6.0 8.0 8.0 10.0 4.0 3.0 4.0 5.0 11.0 9.0 12.0 7.0 3.0 9.0 3.0 8.0 2.0 3.0 5.0 5.0 9.0 4.0 4.0 11.0 2.0 7.0 2.0 11.0 4.0 2.0 4.0 4.0 3.0 4.0 4.0 6.0 7.0 13.0 9.0 3.0 12.0 7.0 9.0 3.0 11.0 3.0 4.0 9.0 9.0 6.0 11.0 9.0 3.0 2.0 5.0 12.0 5.0 4.0 7.0 3.0 6.0 3.0 3.0 6.0 9.0 9.0 7.0 6.0 7.0 3.0 10.0 7.0 
1123.0 1176.0 1344.0 1340.0 1195.0 1215.0 1196.0 1579.0 1449.0 1274.0 
1294.0 816.0 1147.0 1154.0 1224.0 1112.0 1222.0 1391.0 1167.0 1345.0 
1458.0 1718.0 1459.0 1425.0 2036.0 2000.0 2139.0 2385.0 1912.0 2022.0 
1220.0 2205.0 1696.0 1474.0 1659.0 2035.0 2244.0 1882.0 1763.0 1424.0 
1537.0 1747.0 1437.0 1833.0 1303.0 1736.0 2123.0 1410.0 1240.0 1342.0 
268.0 397.0 316.0 322.0 420.0 282.0 629.0 656.0 326.0 615.0 
1520.0 1452.0 1567.0 1117.0 889.0 1444.0 1087.0 1538.0 1133.0 1569.0 
1328.0 1257.0 1485.0 1079.0 1414.0 1567.0 1393.0 1240.0 1675.0 1442.0 
1699.0 916.0 1171.0 1099.0 1182.0 1074.0 1375.0 1343.0 1368.0 1068.0 
294.0 509.0 188.0 310.0 320.0 380.0 196.0 182.0 434.0 381.0 
155.0 536.0 418.0 182.0 260.0 165.0 327.0 485.0 259.0 157.0 
305.0 158.0 435.0 369.0 520.0 473.0 540.0 354.0 399.0 153.0 
387.0 792.0 685.0 746.0 440.0 332.0 615.0 605.0 566.0 436.0 

27.0 30.0 40.0 125.0 73.0 23.0 51.0 55.0 9.0 110.0 
48.0 64.0 66.0 62.0 44.0 102.0 105.0 19.0 13.0 23.0 
39.0 119.0 109.0 95.0 189.0 86.0 18.0 157.0 84.0 45.0 
73.0 162.0 63.0 111.0 127.0 152.0 8.0 187.0 156.0 121.0 
38.0 134.0 5.0 111.0 8.0 137.0 177.0 130.0 115.0 120.0 
5.0 6.0 4.0 13.0 6.0 11.0 7.0 13.0 6.0 9.0 
126.0 98.0 154.0 94.0 61.0 61.0 74.0 79.0 82.0 122.0 
91.0 89.0 11.0 16.0 133.0 71.0 10.0 79.0 62.0 61.0 
71.0 45.0 24.0 11.0 94.0 93.0 16.0 54.0 82.0 30.0 
9.0 13.0 18.0 31.0 13.0 34.0 15.0 8.0 10.0 19.0 
13.0 19.0 16.0 2.0 21.0 8.0 19.0 48.0 24.0 15.0 
31.0 9.0 44.0 37.0 21.0 37.0 10.0 23.0 23.0 10.0 
28.0 78.0 38.0 52.0 44.0 16.0 20.0 16.0 24.0 19.0 

435727.0 448858.0 

48968.0 70990.0 46738.0 53242.0 47946.0 75636.0 74799.0 74892.0 60490.0 86693.0 81768.0 90317.0 72105.0 

146921.0 164081.0 

32518.0 22476.0 16571.0 27651.0 24670.0 40735.0 25858.0 39568.0 21089.0 34433.0 28818.0 43030.0 33240.0 

24.03 22.23 13.32 12.87 14.97 18.450000000000003 11.7 24.220000000000002 21.51 13.549999999999999 
12.75 11.1 18.03 10.65 19.55 15.29 11.85 9.2 14.799999999999999 10.0 

37.87 11.43 27.67 38.76 12.72 14.67 26.540000000000003 24.810000000000002 12.49 18.930000000000003 
21.990000000000002 17.73 19.51 37.5 29.87 23.75 34.73 26.91 36.169999999999995 25.51 
16.85 26.94 35.379999999999995 33.089999999999996 22.470000000000002 39.66 23.400000000000002 31.8 39.629999999999995 36.199999999999996 
25.76 23.220000000000002 13.23 12.41 19.28 11.1 31.650000000000002 24.07 27.200000000000003 21.790000000000003 
26.900000000000002 14.459999999999999 31.700000000000003 12.049999999999999 23.41 32.199999999999996 13.09 21.880000000000003 24.73 38.75 
31.67 33.199999999999996 33.6 14.42 21.16 20.700000000000003 24.23 29.040000000000003 28.78 11.58 
26.200000000000003 13.01 16.680000000000003 10.9 33.22 18.37 27.71 37.36 14.4 14.51 
19.490000000000002 20.810000000000002 16.790000000000003 31.650000000000002 24.55 13.92 37.51 36.69 30.110000000000003 37.559999999999995 
19.01 18.400000000000002 14.49 35.449999999999996 26.03 36.46 34.1 23.25 12.15 22.810000000000002 
37.21 25.46 12.7 21.25 36.93 38.82 12.459999999999999 37.5 20.37 23.75 
29.78 32.41 23.130000000000003 21.360000000000003 19.0 20.020000000000003 21.64 22.25 15.86 24.41 
13.49 22.34 27.76 16.290000000000003 18.700000000000003 27.180000000000003 37.14 37.87 25.580000000000002 15.99 
31.560000000000002 24.360000000000003 31.16 14.25 20.35 23.900000000000002 27.610000000000003 28.6 20.57 25.66 

2.0 5.0 

4.0 4.0 1.0 5.0 1.0 3.0 1.0 1.0 3.0 3.0 5.0 2.0 1.0 

1.42 1.35 1.16 1.35 1.41 0.72 0.9400000000000001 1.01 1.24 1.15 1.15 1.04 0.64 
0.21000000000000002 0.36 0.77 0.9400000000000001 0.71 0.44 0.34 0.63 0.48 0.43 0.43 0.52 1.22 

6.1899999999999995 6.42 6.91 4.89 3.7399999999999998 5.67 6.319999999999999 4.3999999999999995 4.819999999999999 7.05 7.75 8.04 8.65 6.12 4.68 7.1 7.91 5.51 6.029999999999999 8.82 5.85 6.59 5.52 5.77 7.34 8.51 7.359999999999999 6.02 6.109999999999999 8.02 7.319999999999999 8.25 6.91 7.22 9.19 10.65 9.209999999999999 7.529999999999999 7.6499999999999995 10.03 5.25 5.069999999999999 7.33 4.29 6.12 4.2299999999999995 5.18 5.27 5.4399999999999995 7.13 6.569999999999999 6.35 9.17 5.37 7.66 5.3 6.4799999999999995 6.6 6.81 8.92 6.0 7.109999999999999 4.859999999999999 6.02 5.7299999999999995 7.89 7.35 7.62 8.57 7.9799999999999995 7.51 8.9 6.08 7.529999999999999 7.17 9.87 9.2 9.54 10.72 9.98 5.14 6.1899999999999995 7.67 6.319999999999999 7.76 7.97 5.77 7.74 4.43 7.1499999999999995 6.43 7.75 9.6 7.91 9.709999999999999 9.97 7.22 9.69 5.55 8.95 5.609999999999999 4.38 8.09 6.17 6.95 5.279999999999999 6.779999999999999 7.34 4.79 4.37 7.02 5.4799999999999995 10.12 7.72 8.7 6.609999999999999 8.48 9.19 6.0 5.47 4.859999999999999 6.12 5.029999999999999 6.39 4.319999999999999 6.859999999999999 4.83 5.779999999999999 6.52 7.47 6.08 7.66 6.3 8.0 5.41 8.58 6.05 7.2299999999999995 8.16 9.35 8.98 9.39 7.74 7.55 8.0 9.09 9.23 5.74 7.38 5.83 11.24 11.75 9.69 9.45 10.01 11.37 11.549999999999999 7.1899999999999995 9.23 7.3 6.29 3.94 3.26 3.2399999999999998 3.6399999999999997 6.06 4.5 4.55 4.01 6.18 7.87 4.93 4.08 4.06 4.56 7.58 5.63 5.7 5.02 7.7299999999999995 4.41 5.52 4.89 4.35 3.9099999999999997 4.55 6.7 3.98 3.78 4.069999999999999 5.52 6.91 6.12 5.45 4.8999999999999995 5.7 8.39 4.9799999999999995 4.7299999999999995 5.1 7.17 6.3999999999999995 5.46 5.109999999999999 4.24 4.87 4.6899999999999995 6.34 5.5 5.08 8.97 8.01 6.84 6.3999999999999995 5.31 6.1 5.87 7.93 6.89 6.359999999999999 6.46 7.56 5.83 5.7 5.95 4.609999999999999 6.16 7.109999999999999 5.26 6.85 8.08 9.459999999999999 7.3 7.13 7.45 5.77 7.71 8.9 6.58 8.57 4.0 7.819999999999999 6.069999999999999 7.1899999999999995 6.67 4.49 5.22 7.43 7.46 5.7 5.01 9.78 7.6 9.0 8.35 5.62 6.529999999999999 9.299999999999999 9.33 7.13 7.37 7.609999999999999 5.569999999999999 7.46 4.52 6.37 5.029999999999999 7.2 4.81 4.4799999999999995 9.22 9.52 6.97 9.33 5.66 7.97 6.3 9.01 6.02 5.609999999999999 3.75 4.1 4.4799999999999995 6.41 5.45 3.5799999999999996 4.1 3.6799999999999997 3.5599999999999996 3.7899999999999996 4.7 5.13 5.609999999999999 8.02 6.819999999999999 4.4799999999999995 5.13 4.609999999999999 4.46 4.75 4.37 5.4399999999999995 7.04 5.04 4.4799999999999995 6.01 4.52 7.029999999999999 4.319999999999999 4.38 5.47 6.81 8.81 6.31 5.609999999999999 7.52 5.66 8.799999999999999 5.41 5.4799999999999995 4.05 7.21 5.7 4.72 4.109999999999999 7.029999999999999 5.64 7.0 4.6899999999999995 6.13 5.069999999999999 9.02 7.13 5.91 5.1499999999999995 8.799999999999999 7.06 8.76 5.87 7.67 4.35 5.66 4.72 4.4799999999999995 6.83 4.67 5.29 6.359999999999999 3.96 6.09 5.45 7.09 5.91 5.609999999999999 8.549999999999999 5.85 6.62 7.96 4.96 7.62 2.36 3.84 2.2899999999999996 2.3299999999999996 4.069999999999999 3.4299999999999997 2.9099999999999997 3.1799999999999997 3.98 4.1499999999999995 2.96 4.81 2.8699999999999997 2.92 5.1 4.3 3.65 3.98 4.9799999999999995 5.2 3.8299999999999996 4.47 5.18 6.06 6.47 6.05 7.31 6.79 6.67 4.89 4.8 5.6 6.4799999999999995 7.58 8.1 7.569999999999999 9.15 8.5 8.35 6.12 4.3999999999999995 3.96 3.94 4.27 4.66 2.98 3.01 3.3299999999999996 3.8099999999999996 5.029999999999999 5.51 4.96 4.93 5.35 5.84 3.7399999999999998 3.7699999999999996 4.17 4.77 6.3 2.4699999999999998 2.09 3.19 3.65 2.09 2.13 1.87 2.28 2.8899999999999997 2.36 3.0999999999999996 2.6199999999999997 4.0 4.569999999999999 2.6199999999999997 2.67 2.3499999999999996 2.86 3.6199999999999997 2.96 1.83 1.67 2.57 2.9499999999999997 2.26 3.09 2.0799999999999996 2.5599999999999996 2.23 2.61 2.3 2.0999999999999996 3.2199999999999998 3.6999999999999997 2.8299999999999996 3.8699999999999997 2.61 3.21 2.8 3.2699999999999996 2.5799999999999996 1.86 3.0 2.78 2.8699999999999997 2.25 3.05 2.3899999999999997 3.2399999999999998 2.4099999999999997 3.23 2.34 3.76 3.48 3.5999999999999996 2.82 3.82 3.0 4.06 3.0199999999999996 2.8299999999999996 4.01 3.73 3.42 3.1399999999999997 2.34 3.8899999999999997 4.279999999999999 3.96 3.9299999999999997 3.55 5.02 4.67 4.29 3.9299999999999997 2.9299999999999997 4.87 5.359999999999999 4.96 4.92 2.1999999999999997 1.69 1.42 1.43 1.9 1.76 1.91 2.59 2.3299999999999996 2.2699999999999996 2.76 2.1199999999999997 1.78 1.8 2.3899999999999997 2.21 2.4 3.25 2.92 2.8499999999999996 3.2399999999999998 3.4099999999999997 5.13 3.07 5.17 4.1499999999999995 2.8099999999999996 4.16 4.7 3.8699999999999997 4.06 4.27 6.42 3.8499999999999996 6.47 5.2 3.5199999999999996 5.21 5.89 4.85 0.88 0.78 0.67 0.81 1.1300000000000001 1.19 0.87 1.15 0.96 1.09 1.11 0.99 0.85 1.02 1.42 1.5 1.1 1.45 1.21 1.37 3.07 5.51 4.01 3.4099999999999997 3.8699999999999997 5.4799999999999995 4.96 3.4899999999999998 3.0399999999999996 3.25 3.8499999999999996 6.8999999999999995 5.02 4.27 4.85 6.859999999999999 6.21 4.37 3.8099999999999996 4.069999999999999 3.11 4.34 2.9299999999999997 3.7399999999999998 4.68 3.75 3.2699999999999996 3.6399999999999997 3.36 4.109999999999999 3.9 5.43 3.67 4.68 5.859999999999999 4.7 4.1 4.56 4.21 5.1499999999999995 1.82 2.7699999999999996 2.01 2.21 3.3299999999999996 3.4899999999999998 2.88 2.94 3.46 3.3099999999999996 2.28 3.4699999999999998 2.5199999999999996 2.7699999999999996 4.17 4.37 3.61 3.6799999999999997 4.34 4.1499999999999995 2.73 2.9899999999999998 4.5 3.28 3.25 3.8299999999999996 3.8 2.8699999999999997 3.4299999999999997 4.33 3.42 3.75 5.63 4.109999999999999 4.069999999999999 4.8 4.76 3.5999999999999996 4.3 5.42 4.29 3.6199999999999997 3.26 5.37 4.12 3.4 5.09 2.92 5.52 4.529999999999999 5.37 4.529999999999999 4.08 6.72 5.16 4.26 6.37 3.6599999999999997 6.91 5.67 2.4899999999999998 2.84 3.69 4.26 4.8 3.19 4.08 4.37 3.61 3.4299999999999997 3.1199999999999997 3.5599999999999996 4.62 5.33 6.01 4.0 5.109999999999999 5.47 4.52 4.3 4.9799999999999995 5.27 3.07 4.4399999999999995 5.27 4.34 4.35 4.14 2.98 3.4099999999999997 6.2299999999999995 6.6 3.8499999999999996 5.56 6.6 5.43 5.45 5.18 3.7399999999999998 4.27 3.3 3.9699999999999998 3.51 3.7399999999999998 3.76 4.81 4.6899999999999995 3.63 4.33 3.59 4.13 4.97 4.3999999999999995 4.68 4.71 6.02 5.87 4.55 5.42 4.5 2.2899999999999996 3.4699999999999998 3.4099999999999997 2.98 3.26 2.1999999999999997 3.6199999999999997 3.48 3.2199999999999998 3.1799999999999997 2.8699999999999997 4.35 4.27 3.7399999999999998 4.08 2.76 4.529999999999999 4.359999999999999 4.029999999999999 3.98 2.4299999999999997 2.2899999999999996 3.94 2.23 3.7399999999999998 4.1899999999999995 2.7899999999999996 3.53 2.25 3.25 3.05 2.8699999999999997 4.93 2.8 4.68 5.25 3.5 4.42 2.82 4.069999999999999 5.3999999999999995 3.8 6.6499999999999995 5.26 6.35 6.71 6.79 4.08 5.24 5.55 6.76 4.76 8.32 6.58 7.95 8.4 8.5 5.109999999999999 6.56 6.95 4.1 4.72 4.3999999999999995 3.15 2.6599999999999997 4.9799999999999995 3.4499999999999997 4.84 4.4399999999999995 4.49 5.13 5.91 5.51 3.9499999999999997 3.3299999999999996 6.2299999999999995 4.319999999999999 6.06 5.56 5.62 
1.09 1.74 0.99 0.98 1.16 0.97 1.01 0.93 0.99 0.95 1.37 2.1799999999999997 1.25 1.24 1.46 1.22 1.27 1.17 1.25 1.2 0.98 0.9 1.09 0.73 0.85 0.72 1.1300000000000001 1.07 1.05 0.64 1.24 1.1300000000000001 1.37 0.92 1.07 0.91 1.42 1.35 1.32 0.81 0.7 0.56 0.83 0.98 0.64 0.58 0.83 0.65 0.5 0.95 0.89 0.71 1.05 1.24 0.81 0.73 1.05 0.8200000000000001 0.63 1.2 0.8200000000000001 0.7 0.74 0.77 0.72 0.7 0.77 0.78 0.87 0.97 1.04 0.89 0.9400000000000001 0.97 0.91 0.89 0.97 0.99 1.1 1.22 0.72 1.23 0.9 1.3 0.9400000000000001 1.09 0.72 1.31 1.01 1.37 0.91 1.55 1.1300000000000001 1.6300000000000001 1.19 1.37 0.91 1.65 1.27 1.72 0.59 0.78 0.8200000000000001 0.74 0.77 0.73 0.43 0.55 0.66 0.81 0.75 0.99 1.04 0.9400000000000001 0.97 0.92 0.55 0.7 0.84 1.02 0.9400000000000001 1.49 1.51 1.08 1.06 1.75 1.79 1.31 1.54 1.4 1.19 1.87 1.9 1.36 1.34 2.1999999999999997 2.25 1.65 1.94 1.76 0.15000000000000002 0.17 0.19 0.19 0.12 0.2 0.2 0.12 0.17 0.18000000000000002 0.2 0.22 0.25 0.25 0.16 0.26 0.26 0.16 0.22 0.24000000000000002 1.09 1.83 1.77 1.17 1.68 1.05 1.42 1.72 1.3 1.78 1.37 2.3 2.2199999999999998 1.47 2.11 1.32 1.78 2.1599999999999997 1.6300000000000001 2.2399999999999998 1.31 1.15 1.19 1.89 1.96 1.34 1.41 1.02 1.46 1.64 1.65 1.45 1.5 2.3699999999999997 2.46 1.69 1.77 1.28 1.83 2.0599999999999996 0.87 0.66 0.68 0.98 0.91 0.93 0.62 0.71 0.58 0.55 1.1 0.84 0.86 1.24 1.15 1.17 0.79 0.9 0.73 0.7 0.96 1.2 1.29 0.96 1.28 1.46 0.86 1.16 0.96 1.32 1.21 1.51 1.62 1.21 1.61 1.83 1.08 1.46 1.21 1.66 1.66 1.71 1.77 1.64 1.56 1.65 1.12 1.47 1.74 1.73 2.0799999999999996 2.15 2.2199999999999998 2.0599999999999996 1.96 2.07 1.41 1.85 2.1799999999999997 2.17 1.01 1.23 0.86 1.32 0.81 1.42 0.99 0.86 0.99 1.51 1.27 1.55 1.08 1.66 1.02 1.78 1.25 1.08 1.25 1.9 1.14 1.8800000000000001 1.89 1.57 1.67 1.85 1.09 1.55 1.3 1.07 1.43 2.36 2.3699999999999997 1.97 2.0999999999999996 2.32 1.37 1.95 1.6300000000000001 1.35 1.33 1.05 1.51 1.64 1.6300000000000001 1.52 1.53 0.92 1.58 1.1 1.67 1.32 1.9 2.0599999999999996 2.05 1.91 1.92 1.16 1.99 1.39 0.85 1.28 1.14 1.0 1.29 1.3 0.92 1.22 0.77 0.95 1.07 1.61 1.43 1.26 1.62 1.6300000000000001 1.16 1.53 0.97 1.2 0.89 1.34 1.01 1.02 1.29 1.28 0.87 0.77 0.98 1.3800000000000001 1.12 1.69 1.27 1.28 1.62 1.61 1.1 0.97 1.24 1.74 1.36 2.4499999999999997 1.96 1.93 2.23 1.6 1.74 1.32 1.67 2.5399999999999996 1.71 3.07 2.46 2.42 2.8 2.01 2.1799999999999997 1.66 2.0999999999999996 3.1799999999999997 1.42 1.11 1.45 1.75 1.41 1.3800000000000001 1.05 1.26 1.12 1.27 1.78 1.4 1.82 2.1999999999999997 1.77 1.74 1.32 1.58 1.41 1.6 1.21 0.96 0.8 1.01 1.02 1.27 1.23 1.22 1.37 1.23 1.52 1.21 1.01 1.27 1.28 1.6 1.55 1.53 1.72 1.55 0.75 0.66 0.46 0.5700000000000001 0.49 0.5 0.85 0.62 0.49 0.53 0.95 0.84 0.59 0.72 0.62 0.63 1.07 0.79 0.62 0.67 0.39 0.66 0.66 0.56 0.6 0.48 0.37 0.44 0.39 0.64 0.5 0.84 0.84 0.71 0.76 0.61 0.47000000000000003 0.56 0.5 0.81 0.84 0.67 0.6900000000000001 0.73 0.8 0.71 0.43 0.64 0.49 0.75 1.06 0.85 0.87 0.92 1.01 0.9 0.55 0.81 0.62 0.95 0.96 0.77 1.09 0.91 0.64 0.87 1.06 0.75 0.92 0.67 1.21 0.97 1.37 1.15 0.81 1.1 1.34 0.95 1.16 0.85 0.39 0.44 0.41000000000000003 0.32 0.47000000000000003 0.34 0.29000000000000004 0.46 0.39 0.39 0.5 0.56 0.52 0.41000000000000003 0.6 0.44 0.37 0.59 0.5 0.5 1.03 1.31 1.26 0.78 1.32 0.93 1.02 0.86 0.99 1.15 1.3 1.65 1.58 0.99 1.66 1.17 1.28 1.08 1.25 1.45 0.25 0.31 0.24000000000000002 0.3 0.33 0.37 0.42 0.41000000000000003 0.41000000000000003 0.42 0.32 0.4 0.31 0.39 0.42 0.47000000000000003 0.54 0.52 0.52 0.54 1.11 1.53 1.17 1.08 1.07 1.55 1.39 0.83 1.5 1.25 1.4 1.92 1.47 1.36 1.35 1.95 1.75 1.05 1.89 1.57 1.05 1.17 1.62 1.32 1.33 1.26 1.29 0.85 1.18 1.12 1.32 1.47 2.0399999999999996 1.66 1.67 1.58 1.62 1.07 1.48 1.41 0.62 0.6 0.44 0.74 0.6 0.77 0.7 0.76 0.64 0.41000000000000003 0.79 0.76 0.56 0.9400000000000001 0.76 0.97 0.89 0.96 0.81 0.52 1.29 1.04 1.2 1.1 1.03 1.27 1.26 0.85 0.95 0.75 1.62 1.31 1.51 1.39 1.3 1.6 1.58 1.07 1.2 0.95 1.3 1.62 1.6300000000000001 1.4 1.45 1.3 1.31 1.32 1.14 1.62 1.6300000000000001 2.0399999999999996 2.05 1.76 1.82 1.6300000000000001 1.65 1.66 1.43 2.0399999999999996 1.01 0.96 1.26 0.85 0.6900000000000001 0.76 0.78 1.08 1.19 1.03 1.27 1.21 1.58 1.07 0.87 0.96 0.99 1.36 1.5 1.3 1.16 0.85 1.36 0.83 1.17 1.04 0.88 1.33 1.1 1.55 1.46 1.07 1.71 1.05 1.47 1.31 1.11 1.67 1.39 1.95 0.71 1.31 1.23 1.03 1.01 1.07 0.88 1.28 0.96 1.23 0.9 1.65 1.55 1.3 1.27 1.35 1.11 1.61 1.21 1.55 0.87 0.59 0.5700000000000001 0.95 0.97 0.96 0.88 0.59 0.93 0.77 1.1 0.75 0.72 1.2 1.22 1.21 1.11 0.75 1.17 0.97 0.67 0.9 0.86 0.9 0.58 0.73 0.99 0.68 1.03 0.61 0.85 1.1300000000000001 1.08 1.1300000000000001 0.73 0.92 1.25 0.86 1.3 0.77 1.44 2.21 1.7 1.91 1.91 1.58 2.13 1.33 2.0199999999999996 1.5 1.81 2.7699999999999996 2.13 2.4 2.4 1.99 2.67 1.67 2.53 1.89 1.37 1.0 1.15 0.89 1.16 1.27 1.22 0.76 0.88 1.34 1.72 1.26 1.45 1.12 1.46 1.6 1.53 0.96 1.11 1.69 0.29000000000000004 0.5 0.39 0.49 0.52 0.49 0.34 0.53 0.29000000000000004 0.39 0.37 0.63 0.5 0.62 0.66 0.62 0.44 0.67 0.37 0.5 0.76 0.75 0.92 0.75 0.73 0.71 1.1300000000000001 1.16 0.73 0.71 0.96 0.95 1.16 0.95 0.92 0.9 1.42 1.46 0.92 0.9 1.32 1.1 0.85 0.77 0.86 0.77 0.9400000000000001 1.04 0.93 1.1 1.66 1.39 1.07 0.97 1.08 0.97 1.19 1.31 1.17 1.39 1.3800000000000001 0.73 0.91 1.3 1.11 1.23 0.72 0.84 0.74 1.09 1.74 0.92 1.15 1.6300000000000001 1.4 1.55 0.91 1.06 0.9400000000000001 1.37 0.65 0.66 0.71 0.95 0.71 0.53 0.72 0.97 1.04 0.54 0.8200000000000001 0.84 0.9 1.2 0.9 0.67 0.91 1.22 1.31 0.6900000000000001 0.85 0.8 1.09 1.18 1.06 1.32 0.85 0.96 0.87 1.22 1.07 1.01 1.37 1.48 1.34 1.66 1.07 1.21 1.1 1.53 0.65 0.36 0.45 0.44 0.52 0.6 0.6 0.44 0.53 0.59 0.8200000000000001 0.46 0.5700000000000001 0.56 0.66 0.76 0.76 0.56 0.67 0.75 1.23 2.0599999999999996 2.0199999999999996 1.35 1.65 2.05 1.79 2.0599999999999996 1.17 1.26 1.55 2.5799999999999996 2.53 1.7 2.07 2.57 2.25 2.5799999999999996 1.47 1.58 0.25 0.24000000000000002 0.3 0.3 0.31 0.24000000000000002 0.28 0.35000000000000003 0.36 0.42 0.32 0.31 0.39 0.39 0.4 0.31 0.36 0.45 0.46 0.54 0.2 0.35000000000000003 0.36 0.28 0.29000000000000004 0.31 0.37 0.23 0.37 0.23 0.26 0.45 0.46 0.36 0.37 0.4 0.47000000000000003 0.3 0.47000000000000003 0.3 0.74 0.93 1.17 1.06 1.14 0.92 1.25 1.18 0.99 0.78 0.9400000000000001 1.17 1.47 1.34 1.43 1.16 1.57 1.48 1.25 0.99 0.5700000000000001 0.8200000000000001 0.78 0.84 0.51 0.64 0.76 0.63 0.8200000000000001 0.68 0.72 1.04 0.99 1.06 0.65 0.81 0.96 0.8 1.04 0.86 0.59 0.37 0.63 0.61 0.64 0.6 0.38 0.59 0.63 0.35000000000000003 0.75 0.47000000000000003 0.8 0.77 0.81 0.76 0.48 0.75 0.8 0.45 0.64 0.6 0.77 0.7 0.65 0.5700000000000001 0.47000000000000003 0.59 0.66 0.86 0.81 0.76 0.97 0.89 0.8200000000000001 0.72 0.6 0.75 0.84 1.08 0.38 0.21000000000000002 0.21000000000000002 0.34 0.21000000000000002 0.36 0.24000000000000002 0.34 0.27 0.32 0.48 0.27 0.27 0.44 0.27 0.46 0.31 0.44 0.35000000000000003 0.41000000000000003 0.68 0.71 0.66 0.62 0.48 0.39 0.73 0.5700000000000001 0.63 0.59 0.86 0.9 0.84 0.79 0.61 0.5 0.92 0.72 0.8 0.75 0.73 0.78 0.88 0.81 0.73 0.91 0.75 0.75 0.5700000000000001 0.74 0.92 0.99 1.11 1.02 0.92 1.15 0.95 0.95 0.72 0.9400000000000001 0.84 0.51 0.95 0.78 0.53 0.55 0.64 0.72 0.93 0.83 1.06 0.65 1.2 0.99 0.67 0.7 0.81 0.91 1.17 1.05 0.72 0.96 0.83 0.66 0.81 0.8 0.73 0.89 0.54 0.8 0.91 1.21 1.05 0.84 1.02 1.01 0.92 1.12 0.6900000000000001 1.01 0.33 0.46 0.4 0.62 0.44 0.59 0.4 0.53 0.49 0.39 0.42 0.59 0.51 0.79 0.56 0.75 0.51 0.67 0.62 0.5 0.26 0.31 0.26 0.28 0.28 0.28 0.29000000000000004 0.35000000000000003 0.28 0.32 0.34 0.4 0.34 0.36 0.36 0.36 0.37 0.45 0.36 0.41000000000000003 0.68 0.6 0.53 0.79 0.67 0.77 0.8 0.77 0.52 0.88 0.86 0.76 0.67 1.0 0.85 0.97 1.01 0.97 0.66 1.11 0.95 0.68 1.01 1.14 0.74 0.65 0.73 1.03 0.67 0.64 1.2 0.86 1.27 1.43 0.9400000000000001 0.8200000000000001 0.92 1.3 0.85 0.81 0.99 0.93 0.86 0.95 0.68 1.01 0.68 0.73 0.78 0.78 1.25 1.17 1.08 1.2 0.86 1.27 0.86 0.92 0.99 0.99 0.4 0.38 0.62 0.58 0.53 0.68 0.51 0.49 0.49 0.58 0.51 0.48 0.79 0.73 0.67 0.86 0.65 0.62 0.62 0.73 0.83 0.91 1.1 0.8200000000000001 1.18 1.16 1.01 1.36 1.02 0.81 1.05 1.15 1.39 1.04 1.48 1.46 1.27 1.71 1.28 1.02 0.18000000000000002 0.2 0.23 0.26 0.25 0.28 0.27 0.26 0.17 0.27 0.24000000000000002 0.26 0.3 0.34 0.32 0.36 0.35000000000000003 0.34 0.22 0.35000000000000003 1.81 1.09 1.58 1.21 1.02 1.89 1.3800000000000001 1.3800000000000001 1.69 1.65 2.2699999999999996 1.37 1.99 1.52 1.28 2.3699999999999997 1.74 1.74 2.1199999999999997 2.07 0.34 0.39 0.39 0.43 0.5700000000000001 0.53 0.5700000000000001 0.36 0.62 0.36 0.44 0.5 0.5 0.55 0.72 0.67 0.72 0.46 0.79 0.46 0.25 0.28 0.31 0.31 0.21000000000000002 0.32 0.28 0.22 0.34 0.33 0.32 0.36 0.4 0.4 0.27 0.41000000000000003 0.36 0.29000000000000004 0.44 0.42 0.8 0.61 0.6900000000000001 0.5 0.63 0.91 0.55 0.77 0.89 0.74 1.01 0.77 0.87 0.63 0.8 1.15 0.7 0.97 1.12 0.9400000000000001 0.49 0.42 0.44 0.33 0.33 0.39 0.39 0.51 0.48 0.36 0.62 0.54 0.56 0.42 0.42 0.5 0.5 0.65 0.61 0.46 0.25 0.17 0.17 0.14 0.17 0.15000000000000002 0.14 0.24000000000000002 0.25 0.14 0.32 0.22 0.22 0.19 0.22 0.2 0.19 0.31 0.32 0.19 0.35000000000000003 0.37 0.43 0.41000000000000003 0.29000000000000004 0.46 0.49 0.28 0.28 0.32 0.45 0.47000000000000003 0.55 0.52 0.37 0.59 0.62 0.36 0.36 0.41000000000000003 0.37 0.38 0.41000000000000003 0.37 0.29000000000000004 0.45 0.48 0.41000000000000003 0.34 0.47000000000000003 0.47000000000000003 0.48 0.52 0.47000000000000003 0.37 0.5700000000000001 0.61 0.52 0.44 0.6 0.24000000000000002 0.22 0.23 0.28 0.3 0.29000000000000004 0.37 0.41000000000000003 0.22 0.23 0.31 0.29000000000000004 0.3 0.36 0.39 0.37 0.47000000000000003 0.52 0.29000000000000004 0.3 0.76 0.52 0.48 0.49 0.44 0.6 0.72 0.63 0.49 0.75 0.96 0.66 0.61 0.62 0.56 0.76 0.91 0.8 0.62 0.95 0.54 0.47000000000000003 0.78 0.72 0.83 0.71 0.86 0.85 0.62 0.55 0.6900000000000001 0.6 0.99 0.91 1.05 0.9 1.08 1.07 0.79 0.7 0.83 1.39 1.18 0.99 1.31 0.87 0.77 1.39 1.37 1.32 1.05 1.75 1.48 1.25 1.65 1.1 0.97 1.75 1.72 1.66 0.2 0.26 0.27 0.18000000000000002 0.2 0.3 0.23 0.32 0.19 0.24000000000000002 0.26 0.34 0.35000000000000003 0.24000000000000002 0.26 0.39 0.3 0.41000000000000003 0.25 0.31 0.5 0.38 0.46 0.41000000000000003 0.34 0.37 0.43 0.32 0.52 0.58 0.63 0.48 0.59 0.52 0.44 0.47000000000000003 0.55 0.41000000000000003 0.66 0.73 0.56 0.53 0.53 0.42 0.45 0.54 0.4 0.44 0.44 0.5 0.71 0.67 0.67 0.54 0.5700000000000001 0.6900000000000001 0.51 0.56 0.56 0.63 0.56 0.72 0.66 0.66 0.49 0.58 0.73 0.81 0.5700000000000001 0.77 0.71 0.91 0.84 0.84 0.62 0.73 0.92 1.02 0.72 0.97 0.42 0.47000000000000003 0.44 0.61 0.44 0.37 0.56 0.4 0.48 0.5700000000000001 0.54 0.6 0.56 0.77 0.56 0.47000000000000003 0.71 0.51 0.61 0.72 0.26 0.27 0.28 0.31 0.28 0.34 0.22 0.24000000000000002 0.26 0.22 0.34 0.35000000000000003 0.36 0.4 0.36 0.44 0.29000000000000004 0.31 0.34 0.29000000000000004 0.9400000000000001 0.67 1.1 0.9400000000000001 0.87 1.08 0.97 1.11 0.85 0.59 1.19 0.85 1.39 1.19 1.1 1.36 1.22 1.4 1.07 0.75 0.33 0.32 0.28 0.26 0.27 0.24000000000000002 0.25 0.3 0.29000000000000004 0.28 0.42 0.41000000000000003 0.36 0.34 0.35000000000000003 0.31 0.32 0.39 0.37 0.36 1.06 1.33 1.32 1.35 0.9 1.1300000000000001 0.8 1.29 0.98 0.85 1.34 1.67 1.66 1.7 1.1300000000000001 1.42 1.01 1.62 1.24 1.07 0.91 0.91 0.72 0.58 0.56 0.8 0.66 0.48 0.89 0.55 1.15 1.15 0.91 0.73 0.71 1.01 0.84 0.61 1.12 0.7 0.6900000000000001 0.4 0.71 0.63 0.39 0.5 0.58 0.49 0.59 0.58 0.87 0.51 0.9 0.8 0.5 0.63 0.73 0.62 0.75 0.73 0.58 0.36 0.42 0.4 0.55 0.4 0.5700000000000001 0.36 0.41000000000000003 0.53 0.73 0.46 0.54 0.51 0.7 0.51 0.72 0.46 0.52 0.67 0.06999999999999999 0.08 0.12 0.09 0.08 0.13 0.09 0.08 0.11 0.08 0.09999999999999999 0.11 0.16 0.12 0.11 0.17 0.12 0.11 0.15000000000000002 0.11 0.41000000000000003 0.46 0.48 0.28 0.5 0.49 0.38 0.37 0.35000000000000003 0.4 0.52 0.59 0.61 0.36 0.63 0.62 0.48 0.47000000000000003 0.45 0.51 0.17 0.16 0.19 0.21000000000000002 0.21000000000000002 0.24000000000000002 0.18000000000000002 0.24000000000000002 0.2 0.17 0.22 0.21000000000000002 0.25 0.27 0.27 0.31 0.24000000000000002 0.31 0.26 0.22 0.75 0.8200000000000001 0.48 0.8 0.7 0.6 0.59 0.62 0.77 0.71 0.95 1.04 0.61 1.01 0.89 0.76 0.75 0.79 0.97 0.9 0.19 0.3 0.19 0.32 0.24000000000000002 0.31 0.32 0.32 0.2 0.27 0.25 0.39 0.25 0.41000000000000003 0.31 0.4 0.41000000000000003 0.41000000000000003 0.26 0.35000000000000003 0.49 0.35000000000000003 0.55 0.64 0.58 0.45 0.56 0.54 0.38 0.44 0.62 0.45 0.7 0.81 0.73 0.5700000000000001 0.71 0.6900000000000001 0.48 0.56 0.61 0.6 0.75 0.67 0.7 0.68 0.65 0.52 0.44 0.65 0.77 0.76 0.95 0.85 0.89 0.86 0.8200000000000001 0.66 0.56 0.8200000000000001 1.34 1.62 1.18 1.0 1.6 1.47 1.28 1.68 1.03 0.99 1.69 2.0399999999999996 1.48 1.26 2.01 1.85 1.61 2.11 1.3 1.25 0.38 0.3 0.28 0.31 0.44 0.34 0.4 0.4 0.44 0.38 0.48 0.39 0.36 0.4 0.56 0.44 0.51 0.51 0.56 0.48 0.67 0.85 0.65 0.63 0.46 0.77 0.45 0.59 0.79 0.6900000000000001 0.85 1.07 0.8200000000000001 0.8 0.59 0.97 0.5700000000000001 0.75 1.0 0.87 0.88 0.72 0.56 0.68 0.56 0.6 0.56 0.83 0.61 0.88 1.11 0.91 0.71 0.86 0.71 0.76 0.71 1.05 0.77 1.11 0.3 0.31 0.31 0.44 0.45 0.31 0.53 0.5700000000000001 0.5 0.54 0.39 0.4 0.4 0.56 0.5700000000000001 0.4 0.67 0.72 0.63 0.6900000000000001 0.99 0.7 1.01 0.86 0.89 0.81 0.66 1.05 0.85 0.56 1.25 0.89 1.27 1.08 1.12 1.02 0.84 1.32 1.07 0.71 0.77 0.47000000000000003 0.62 0.47000000000000003 0.61 0.88 0.86 0.59 0.5 0.8200000000000001 0.97 0.6 0.79 0.6 0.77 1.11 1.08 0.75 0.63 1.04 0.61 0.49 0.39 0.43 0.6900000000000001 0.41000000000000003 0.59 0.39 0.5 0.67 0.77 0.62 0.5 0.55 0.87 0.52 0.75 0.5 0.63 0.85 0.67 0.8200000000000001 0.64 0.78 0.93 0.64 0.5700000000000001 0.8 0.72 0.96 0.85 1.04 0.81 0.99 1.17 0.81 0.72 1.01 0.91 1.21 1.34 1.07 1.12 0.9 1.37 0.83 1.21 1.14 1.03 0.77 1.69 1.35 1.41 1.1300000000000001 1.72 1.05 1.52 1.43 1.3 0.97 0.71 0.5700000000000001 0.49 0.42 0.75 0.53 0.48 0.46 0.56 0.54 0.9 0.72 0.62 0.54 0.95 0.67 0.61 0.59 0.71 0.6900000000000001 0.76 0.53 0.77 0.9400000000000001 0.83 0.85 0.6 0.52 0.98 0.93 0.96 0.67 0.97 1.19 1.05 1.07 0.76 0.66 1.24 1.17 0.79 0.68 0.72 0.5700000000000001 0.77 0.48 0.54 0.54 0.77 0.74 1.0 0.86 0.91 0.72 0.97 0.61 0.6900000000000001 0.6900000000000001 0.97 0.9400000000000001 0.89 1.1 0.77 0.87 0.71 0.92 0.97 0.97 1.09 0.7 1.12 1.39 0.97 1.1 0.9 1.16 1.22 1.22 1.37 0.89 0.67 1.05 0.71 0.76 0.9400000000000001 0.73 0.8200000000000001 0.96 0.74 0.91 0.85 1.32 0.9 0.96 1.19 0.92 1.04 1.21 0.9400000000000001 1.15 0.8 0.8 0.53 0.63 0.53 0.85 0.81 0.77 0.65 0.73 1.01 1.01 0.67 0.8 0.67 1.07 1.02 0.97 0.8200000000000001 0.92 0.77 0.54 0.77 0.78 0.83 0.46 0.5700000000000001 0.75 0.64 0.46 0.97 0.6900000000000001 0.97 0.99 1.05 0.59 0.72 0.95 0.81 0.59 0.49 0.51 0.6900000000000001 0.78 0.48 0.6900000000000001 0.51 0.6 0.7 0.53 0.62 0.65 0.87 0.99 0.61 0.87 0.65 0.76 0.89 0.67 0.53 0.4 0.44 0.35000000000000003 0.42 0.36 0.5700000000000001 0.47000000000000003 0.31 0.38 0.67 0.51 0.56 0.45 0.54 0.46 0.72 0.6 0.4 0.48 0.39 0.25 0.23 0.39 0.28 0.22 0.39 0.22 0.37 0.31 0.5 0.32 0.3 0.5 0.36 0.29000000000000004 0.5 0.29000000000000004 0.47000000000000003 0.4 0.68 1.24 0.67 0.89 1.23 0.83 1.06 1.1 0.86 1.03 0.86 1.56 0.85 1.12 1.55 1.05 1.34 1.39 1.08 1.3 0.72 0.54 0.8200000000000001 0.8 0.54 0.47000000000000003 0.53 0.62 0.51 0.71 0.91 0.6900000000000001 1.04 1.01 0.6900000000000001 0.6 0.67 0.79 0.65 0.9 1.04 0.67 0.99 0.91 0.9 0.59 0.64 1.1300000000000001 1.08 0.75 1.31 0.85 1.25 1.15 1.1300000000000001 0.75 0.81 1.42 1.36 0.95 0.53 0.36 0.59 0.61 0.6900000000000001 0.56 0.62 0.6 0.42 0.6900000000000001 0.67 0.46 0.75 0.77 0.87 0.71 0.79 0.76 0.54 0.87 0.25 0.3 0.25 0.21000000000000002 0.27 0.2 0.3 0.2 0.19 0.3 0.32 0.39 0.32 0.27 0.35000000000000003 0.26 0.39 0.26 0.25 0.39 0.42 0.55 0.53 0.42 0.53 0.63 0.52 0.61 0.65 0.63 0.54 0.7 0.67 0.54 0.67 0.8 0.66 0.77 0.8200000000000001 0.8 0.52 0.5 0.44 0.78 0.64 0.67 0.53 0.71 0.77 0.5 0.66 0.63 0.56 0.99 0.81 0.85 0.67 0.9 0.97 0.63 0.14 0.16 0.17 0.11 0.17 0.16 0.15000000000000002 0.09999999999999999 0.13 0.09999999999999999 0.19 0.21000000000000002 0.22 0.15000000000000002 0.22 0.21000000000000002 0.2 0.13 0.17 0.13 1.06 1.21 0.95 1.21 0.76 0.75 0.88 0.67 0.95 1.18 1.34 1.52 1.2 1.52 0.96 0.95 1.11 0.85 1.2 1.48 0.4 0.6 0.5 0.55 0.56 0.66 0.58 0.62 0.62 0.68 0.51 0.76 0.63 0.7 0.71 0.84 0.73 0.79 0.79 0.86 0.84 1.1300000000000001 0.97 0.73 1.25 1.01 1.19 0.76 1.03 0.8200000000000001 1.06 1.42 1.22 0.92 1.57 1.27 1.5 0.96 1.3 1.04 0.91 0.9 1.09 1.27 0.8 0.91 1.04 1.19 0.84 0.86 1.15 1.1300000000000001 1.37 1.6 1.01 1.15 1.31 1.5 1.06 1.08 0.43 0.4 0.34 0.36 0.35000000000000003 0.32 0.34 0.33 0.53 0.49 0.55 0.51 0.44 0.46 0.45 0.41000000000000003 0.44 0.42 0.67 0.62 0.97 0.96 0.75 0.72 0.88 1.0 0.65 0.86 1.04 0.98 1.22 1.21 0.95 0.91 1.11 1.26 0.8200000000000001 1.08 1.31 1.24 1.34 1.17 1.08 1.23 1.14 1.1300000000000001 0.96 0.81 1.4 0.88 1.69 1.47 1.36 1.55 1.43 1.42 1.21 1.02 1.76 1.11 1.01 0.7 0.76 0.83 1.05 0.68 0.85 0.8200000000000001 0.63 0.85 1.27 0.89 0.96 1.05 1.32 0.86 1.07 1.04 0.8 1.07 0.89 1.14 0.88 1.07 1.09 1.1 1.27 1.08 1.28 0.97 1.12 1.43 1.11 1.35 1.37 1.39 1.6 1.36 1.61 1.22 0.73 0.65 1.02 1.0 0.81 0.95 0.9400000000000001 0.77 0.97 1.02 0.92 0.8200000000000001 1.28 1.26 1.02 1.2 1.19 0.97 1.22 1.28 0.65 0.5 0.42 0.42 0.66 0.53 0.37 0.5 0.68 0.5700000000000001 0.8200000000000001 0.63 0.54 0.54 0.84 0.67 0.47000000000000003 0.63 0.86 0.72 0.59 0.47000000000000003 0.46 0.54 0.64 0.7 0.6 0.48 0.61 0.42 0.75 0.6 0.59 0.6900000000000001 0.81 0.89 0.76 0.61 0.77 0.54 1.6300000000000001 1.55 1.62 1.69 1.66 1.35 0.97 1.87 1.08 1.4 2.05 1.95 2.0399999999999996 2.1199999999999997 2.0799999999999996 1.7 1.22 2.3499999999999996 1.36 1.76 0.71 1.1 0.8 1.05 0.73 0.8200000000000001 1.02 0.68 1.07 0.75 0.9 1.39 1.01 1.32 0.92 1.04 1.28 0.86 1.35 0.95 0.63 0.65 0.66 0.89 0.66 0.65 0.56 0.92 0.87 0.54 0.8 0.8200000000000001 0.84 1.12 0.84 0.8200000000000001 0.71 1.16 1.1 0.6900000000000001 0.53 0.55 0.64 0.46 0.38 0.56 0.39 0.5 0.67 0.65 0.67 0.7 0.81 0.59 0.48 0.71 0.5 0.63 0.85 0.8200000000000001 0.16 0.18000000000000002 0.11 0.16 0.12 0.19 0.12 0.14 0.15000000000000002 0.14 0.21000000000000002 0.24000000000000002 0.15000000000000002 0.21000000000000002 0.16 0.25 0.16 0.19 0.2 0.19 0.72 0.76 0.51 0.76 0.75 0.6900000000000001 0.7 0.44 0.78 0.55 0.91 0.96 0.65 0.96 0.95 0.87 0.89 0.56 0.99 0.7 0.5700000000000001 0.47000000000000003 0.49 0.41000000000000003 0.74 0.45 0.64 0.62 0.63 0.75 0.72 0.6 0.62 0.52 0.9400000000000001 0.5700000000000001 0.81 0.79 0.8 0.95 0.22 0.23 0.34 0.33 0.32 0.2 0.27 0.26 0.27 0.27 0.29000000000000004 0.3 0.44 0.42 0.41000000000000003 0.26 0.35000000000000003 0.34 0.35000000000000003 0.35000000000000003 0.91 0.98 0.9 0.58 1.01 0.91 0.85 0.73 1.03 0.84 1.15 1.24 1.1300000000000001 0.73 1.27 1.15 1.07 0.92 1.3 1.06 0.92 0.95 0.55 0.91 0.79 0.77 0.79 0.89 0.66 0.5700000000000001 1.16 1.2 0.7 1.15 1.0 0.97 1.0 1.12 0.84 0.72 0.85 0.85 0.68 0.9 0.9 0.92 0.53 0.5 0.95 0.75 1.07 1.07 0.86 1.1300000000000001 1.1300000000000001 1.16 0.67 0.63 1.2 0.95 1.04 0.64 0.81 0.88 0.67 1.05 0.84 0.74 0.68 1.02 1.31 0.81 1.02 1.11 0.85 1.32 1.06 0.9400000000000001 0.86 1.28 0.27 0.44 0.33 0.28 0.43 0.33 0.52 0.43 0.43 0.41000000000000003 0.35000000000000003 0.56 0.42 0.36 0.55 0.42 0.66 0.55 0.55 0.52 0.51 0.92 0.75 0.89 0.86 0.97 0.95 0.62 0.74 0.7 0.65 1.16 0.95 1.12 1.08 1.22 1.2 0.79 0.9400000000000001 0.89 0.8200000000000001 0.6900000000000001 1.26 1.01 0.83 1.06 0.98 0.83 1.17 1.05 1.04 0.87 1.58 1.27 1.05 1.34 1.24 1.05 1.47 1.32 0.66 0.56 0.86 0.55 0.85 0.5700000000000001 0.79 0.51 0.8200000000000001 0.6900000000000001 0.84 0.71 1.08 0.7 1.07 0.72 1.0 0.65 1.04 0.87 0.66 0.63 0.88 0.95 1.03 0.66 0.72 1.02 0.8200000000000001 0.5700000000000001 0.84 0.8 1.11 1.2 1.3 0.84 0.91 1.28 1.04 0.72 0.83 0.9 0.5 0.62 0.52 0.76 0.73 0.86 0.68 0.46 1.05 1.1300000000000001 0.63 0.79 0.66 0.96 0.92 1.08 0.86 0.59 0.34 0.34 0.35000000000000003 0.44 0.3 0.27 0.48 0.34 0.43 0.32 0.44 0.44 0.45 0.56 0.39 0.35000000000000003 0.61 0.44 0.55 0.41000000000000003 0.34 0.31 0.29000000000000004 0.36 0.29000000000000004 0.34 0.41000000000000003 0.42 0.4 0.33 0.44 0.4 0.37 0.46 0.37 0.44 0.52 0.54 0.51 0.42 1.57 1.5 1.19 1.09 1.1300000000000001 1.18 1.3800000000000001 1.1 1.26 1.15 1.97 1.89 1.5 1.37 1.42 1.48 1.74 1.39 1.58 1.45 0.63 0.61 0.53 0.87 0.63 0.9 0.63 0.49 0.87 0.76 0.8 0.77 0.67 1.1 0.8 1.1300000000000001 0.8 0.62 1.1 0.96 0.68 0.7 0.48 0.52 0.65 0.65 0.61 0.63 0.53 0.75 0.86 0.89 0.61 0.66 0.8200000000000001 0.8200000000000001 0.77 0.8 0.67 0.95 0.67 0.67 0.38 0.66 0.47000000000000003 0.68 0.67 0.48 0.36 0.41000000000000003 0.85 0.85 0.48 0.84 0.6 0.86 0.85 0.61 0.46 0.52 0.21000000000000002 0.29000000000000004 0.28 0.28 0.37 0.26 0.32 0.34 0.23 0.33 0.27 0.37 0.36 0.36 0.47000000000000003 0.34 0.41000000000000003 0.44 0.3 0.42 0.66 0.79 0.62 0.77 0.49 0.5700000000000001 0.58 0.55 0.54 0.53 0.84 1.0 0.79 0.97 0.62 0.72 0.73 0.7 0.6900000000000001 0.67 0.63 0.6 0.64 0.39 0.52 0.36 0.48 0.55 0.47000000000000003 0.66 0.8 0.76 0.81 0.5 0.66 0.46 0.61 0.7 0.6 0.84 0.3 0.37 0.4 0.52 0.5 0.51 0.32 0.39 0.39 0.39 0.39 0.47000000000000003 0.51 0.66 0.63 0.65 0.41000000000000003 0.5 0.5 0.5 0.56 0.63 0.58 0.72 0.83 0.5700000000000001 0.56 0.78 0.58 0.74 0.71 0.8 0.73 0.91 1.05 0.72 0.71 0.99 0.73 0.9400000000000001 1.1300000000000001 0.95 1.19 0.66 0.79 0.99 0.96 0.76 1.1 0.95 1.42 1.2 1.5 0.84 1.0 1.25 1.21 0.96 1.39 1.2 0.5700000000000001 0.47000000000000003 0.61 0.7 0.63 0.55 0.59 0.44 0.6 0.54 0.72 0.6 0.77 0.89 0.8 0.7 0.75 0.56 0.76 0.6900000000000001 0.49 0.6900000000000001 0.81 0.54 0.75 0.63 0.73 0.71 0.55 0.8200000000000001 0.62 0.87 1.02 0.6900000000000001 0.95 0.8 0.92 0.9 0.7 1.04 0.3 0.47000000000000003 0.36 0.32 0.49 0.42 0.41000000000000003 0.32 0.35000000000000003 0.4 0.39 0.6 0.46 0.41000000000000003 0.62 0.54 0.52 0.41000000000000003 0.45 0.51 0.86 0.47000000000000003 0.5 0.74 0.66 0.83 0.58 0.48 0.84 0.88 1.08 0.6 0.63 0.9400000000000001 0.84 1.05 0.73 0.61 1.06 1.11 1.04 0.96 0.9 0.65 0.89 1.1 0.92 0.8 0.59 0.72 1.31 1.21 1.1300000000000001 0.8200000000000001 1.12 1.39 1.16 1.01 0.75 0.91 0.51 0.68 0.56 0.75 0.53 0.41000000000000003 0.43 0.48 0.48 0.53 0.65 0.86 0.71 0.95 0.67 0.52 0.55 0.61 0.61 0.67 0.55 0.63 0.5700000000000001 0.53 0.5700000000000001 0.44 0.6 0.8 0.78 0.54 0.7 0.8 0.72 0.67 0.72 0.56 0.76 1.01 0.99 0.6900000000000001 0.45 0.44 0.5 0.5700000000000001 0.67 0.72 0.71 0.56 0.58 0.67 0.5700000000000001 0.56 0.63 0.72 0.85 0.91 0.9 0.71 0.73 0.85 0.26 0.36 0.28 0.32 0.29000000000000004 0.35000000000000003 0.36 0.25 0.21000000000000002 0.3 0.34 0.46 0.36 0.41000000000000003 0.37 0.45 0.46 0.32 0.27 0.39 0.22 0.17 0.16 0.14 0.22 0.23 0.19 0.26 0.2 0.2 0.29000000000000004 0.22 0.21000000000000002 0.19 0.29000000000000004 0.3 0.25 0.34 0.26 0.26 0.8200000000000001 0.96 1.14 0.76 1.28 1.28 0.91 0.95 1.2 0.92 1.04 1.21 1.43 0.96 1.61 1.61 1.15 1.2 1.51 1.16 0.44 0.43 0.42 0.51 0.46 0.5700000000000001 0.79 0.49 0.4 0.64 0.56 0.55 0.54 0.65 0.59 0.72 1.0 0.62 0.51 0.81 0.81 0.93 0.92 1.03 0.76 1.03 1.17 0.67 0.89 0.97 1.02 1.17 1.16 1.3 0.96 1.3 1.47 0.85 1.12 1.22 0.26 0.36 0.39 0.42 0.29000000000000004 0.27 0.46 0.42 0.26 0.43 0.34 0.46 0.5 0.54 0.37 0.35000000000000003 0.59 0.54 0.34 0.55 0.41000000000000003 0.78 0.66 0.74 0.73 0.51 0.42 0.68 0.42 0.76 0.52 0.99 0.84 0.9400000000000001 0.92 0.65 0.54 0.86 0.54 0.96 0.24000000000000002 0.26 0.24000000000000002 0.18000000000000002 0.24000000000000002 0.24000000000000002 0.25 0.24000000000000002 0.25 0.29000000000000004 0.31 0.34 0.31 0.24000000000000002 0.31 0.31 0.32 0.31 0.32 0.37 0.53 0.37 0.59 0.37 0.4 0.68 0.49 0.64 0.45 0.48 0.67 0.47000000000000003 0.75 0.47000000000000003 0.51 0.86 0.62 0.81 0.5700000000000001 0.61 0.59 0.56 0.75 0.52 0.43 0.71 0.58 0.6900000000000001 0.58 0.43 0.75 0.71 0.95 0.66 0.55 0.9 0.73 0.87 0.73 0.55 0.96 0.86 0.6 0.89 0.67 0.83 0.89 0.95 1.0 1.11 1.21 1.08 0.76 1.12 0.85 1.05 1.12 1.2 1.26 1.4 0.51 0.56 0.68 0.67 0.8 0.68 0.8 0.47000000000000003 0.76 0.81 0.65 0.71 0.86 0.85 1.01 0.86 1.01 0.6 0.96 1.02 1.34 1.03 1.2 0.87 0.77 0.79 0.86 0.91 1.34 1.04 1.69 1.3 1.51 1.1 0.97 1.0 1.08 1.15 1.69 1.31 1.05 1.27 1.3 1.17 0.8 1.14 1.21 0.9400000000000001 0.93 1.05 1.32 1.6 1.6300000000000001 1.47 1.01 1.43 1.52 1.19 1.17 1.32 0.49 0.33 0.53 0.32 0.35000000000000003 0.43 0.44 0.49 0.29000000000000004 0.54 0.62 0.42 0.67 0.41000000000000003 0.45 0.55 0.56 0.62 0.37 0.6900000000000001 0.48 0.63 0.78 0.85 0.53 0.6 0.84 0.66 0.55 0.76 0.61 0.8 0.99 1.07 0.67 0.76 1.06 0.84 0.7 0.96 0.76 0.89 0.92 0.83 1.1300000000000001 0.71 0.97 0.89 1.26 1.1 0.96 1.12 1.16 1.05 1.42 0.9 1.22 1.12 1.58 1.39 0.66 0.88 0.88 0.83 0.61 0.84 0.52 0.79 0.71 0.84 0.84 1.11 1.11 1.05 0.77 1.06 0.66 1.0 0.9 1.06 0.78 0.79 1.15 1.11 0.78 1.37 1.14 1.16 1.29 0.9 0.99 1.0 1.45 1.4 0.99 1.72 1.43 1.46 1.62 1.1300000000000001 0.89 0.81 0.83 0.78 0.51 0.66 0.77 0.91 0.68 0.62 1.12 1.02 1.05 0.99 0.65 0.84 0.97 1.15 0.86 0.79 0.5700000000000001 0.6900000000000001 0.51 0.64 0.63 0.77 0.64 0.79 0.48 0.46 0.72 0.87 0.65 0.81 0.8 0.97 0.81 1.0 0.61 0.59 0.78 0.56 0.61 0.78 0.81 0.62 0.75 1.0 0.52 0.6900000000000001 0.99 0.71 0.77 0.99 1.02 0.79 0.95 1.26 0.66 0.87 1.91 1.14 2.19 1.8800000000000001 2.11 1.17 2.1599999999999997 1.32 1.37 1.16 2.4 1.43 2.75 2.36 2.65 1.47 2.71 1.66 1.72 1.46 0.75 0.5700000000000001 0.96 0.9 0.58 0.95 0.72 0.67 1.0 0.87 0.95 0.72 1.21 1.1300000000000001 0.73 1.2 0.91 0.85 1.26 1.1 0.51 0.54 0.5700000000000001 0.61 0.83 0.52 0.7 0.8200000000000001 0.5 0.64 0.65 0.6900000000000001 0.72 0.77 1.05 0.66 0.89 1.04 0.63 0.81 0.14 0.2 0.13 0.18000000000000002 0.22 0.18000000000000002 0.14 0.14 0.19 0.14 0.19 0.26 0.17 0.24000000000000002 0.29000000000000004 0.24000000000000002 0.19 0.19 0.25 0.19 0.38 0.36 0.46 0.44 0.3 0.45 0.35000000000000003 0.52 0.4 0.42 0.48 0.46 0.59 0.56 0.39 0.5700000000000001 0.45 0.66 0.51 0.54 0.25 0.24000000000000002 0.17 0.17 0.25 0.14 0.26 0.19 0.23 0.25 0.32 0.31 0.22 0.22 0.32 0.19 0.34 0.25 0.3 0.32 0.46 0.31 0.25 0.43 0.28 0.43 0.41000000000000003 0.31 0.28 0.45 0.59 0.4 0.32 0.55 0.36 0.55 0.52 0.4 0.36 0.5700000000000001 0.46 0.49 0.45 0.4 0.5700000000000001 0.6 0.37 0.36 0.34 0.54 0.59 0.62 0.5700000000000001 0.51 0.72 0.76 0.47000000000000003 0.46 0.44 0.6900000000000001 0.88 0.48 0.66 0.86 0.83 0.56 0.46 0.84 0.81 0.85 1.11 0.61 0.84 1.08 1.05 0.71 0.59 1.06 1.02 1.07 0.83 0.87 0.66 0.59 0.72 0.96 0.6900000000000001 0.68 0.61 0.9 1.05 1.1 0.84 0.75 0.91 1.21 0.87 0.86 0.77 1.1300000000000001 0.88 1.16 0.87 1.08 0.87 0.64 0.74 1.06 0.64 0.71 1.11 1.46 1.1 1.36 1.1 0.81 0.9400000000000001 1.34 0.81 0.9 0.85 0.59 0.95 0.95 0.9400000000000001 0.73 0.62 0.64 1.05 0.79 1.07 0.75 1.2 1.2 1.19 0.92 0.79 0.81 1.32 1.0 0.14 0.25 0.24000000000000002 0.24000000000000002 0.18000000000000002 0.18000000000000002 0.13 0.23 0.21000000000000002 0.17 0.19 0.32 0.31 0.31 0.24000000000000002 0.24000000000000002 0.17 0.3 0.27 0.22 0.55 0.49 0.67 0.59 0.5700000000000001 0.59 0.63 0.49 0.48 0.58 0.7 0.62 0.85 0.75 0.72 0.75 0.8 0.62 0.61 0.73 0.68 0.75 0.97 0.95 0.73 0.79 0.77 0.99 0.59 0.77 0.86 0.95 1.22 1.2 0.92 1.0 0.97 1.25 0.75 0.97 0.36 0.43 0.35000000000000003 0.62 0.5 0.67 0.35000000000000003 0.52 0.66 0.4 0.46 0.55 0.45 0.79 0.63 0.85 0.45 0.66 0.84 0.51 0.6900000000000001 0.78 0.77 0.72 0.83 0.88 1.05 0.81 0.87 0.7 0.87 0.99 0.97 0.91 1.05 1.11 1.32 1.02 1.1 0.89 0.52 0.61 0.55 0.42 0.49 0.45 0.42 0.42 0.58 0.48 0.66 0.77 0.7 0.54 0.62 0.5700000000000001 0.54 0.54 0.73 0.61 0.44 0.36 0.41000000000000003 0.5700000000000001 0.51 0.5700000000000001 0.46 0.34 0.36 0.43 0.56 0.46 0.52 0.72 0.65 0.72 0.59 0.44 0.46 0.55 0.6 0.66 0.62 0.4 0.48 0.48 0.4 0.62 0.53 0.61 0.76 0.84 0.79 0.51 0.61 0.61 0.51 0.79 0.67 0.77 1.6 1.89 1.11 1.09 1.5 1.75 1.56 1.85 1.1 1.86 2.01 2.3699999999999997 1.4 1.37 1.89 2.1999999999999997 1.96 2.32 1.39 2.34 0.79 0.5 0.5700000000000001 0.73 0.55 0.47000000000000003 0.71 0.67 0.6 0.47000000000000003 1.0 0.63 0.72 0.92 0.7 0.6 0.9 0.85 0.76 0.6 0.61 0.74 0.9400000000000001 0.77 0.76 0.95 0.84 0.79 0.54 0.84 0.77 0.9400000000000001 1.19 0.97 0.96 1.2 1.06 1.0 0.6900000000000001 1.06 0.34 0.4 0.35000000000000003 0.37 0.38 0.44 0.44 0.24000000000000002 0.45 0.25 0.44 0.51 0.45 0.47000000000000003 0.48 0.56 0.56 0.31 0.5700000000000001 0.32 0.27 0.35000000000000003 0.36 0.24000000000000002 0.32 0.28 0.21000000000000002 0.26 0.22 0.23 0.35000000000000003 0.45 0.46 0.31 0.41000000000000003 0.36 0.27 0.34 0.29000000000000004 0.3 0.37 0.28 0.43 0.41000000000000003 0.36 0.45 0.34 0.29000000000000004 0.31 0.26 0.47000000000000003 0.36 0.55 0.52 0.46 0.5700000000000001 0.44 0.37 0.4 0.34 0.52 0.41000000000000003 0.6 0.59 0.46 0.61 0.6 0.41000000000000003 0.61 0.55 0.66 0.52 0.76 0.75 0.59 0.77 0.76 0.52 0.77 0.7 0.25 0.39 0.38 0.26 0.22 0.23 0.29000000000000004 0.25 0.33 0.35000000000000003 0.32 0.5 0.48 0.34 0.29000000000000004 0.3 0.37 0.32 0.42 0.45 0.91 0.88 0.81 0.71 0.89 1.01 0.86 1.01 1.09 0.65 1.15 1.11 1.02 0.9 1.12 1.27 1.08 1.27 1.37 0.8200000000000001 0.67 0.7 0.42 0.75 0.61 0.76 0.66 0.63 0.61 0.58 0.85 0.89 0.54 0.95 0.77 0.96 0.84 0.8 0.77 0.73 1.09 1.06 1.19 0.8 0.62 0.97 0.65 0.71 0.63 1.07 1.37 1.34 1.5 1.01 0.79 1.22 0.8200000000000001 0.9 0.8 1.35 0.76 0.86 1.02 0.95 0.75 0.77 1.16 0.86 1.17 1.11 0.96 1.08 1.28 1.2 0.95 0.97 1.46 1.08 1.47 1.4 0.22 0.35000000000000003 0.28 0.32 0.27 0.28 0.19 0.35000000000000003 0.31 0.35000000000000003 0.29000000000000004 0.45 0.36 0.41000000000000003 0.35000000000000003 0.36 0.25 0.45 0.4 0.45 0.64 0.84 0.64 0.77 0.55 0.59 0.86 0.53 0.76 0.48 0.81 1.06 0.81 0.97 0.7 0.75 1.08 0.67 0.96 0.61 0.88 1.2 0.73 0.92 0.97 1.1300000000000001 0.8200000000000001 0.98 1.09 1.24 1.11 1.51 0.92 1.16 1.22 1.42 1.04 1.24 1.37 1.56 0.49 0.6 0.67 0.77 0.72 0.53 0.45 0.79 0.63 0.63 0.62 0.76 0.85 0.97 0.91 0.67 0.5700000000000001 1.0 0.8 0.8 0.78 0.78 0.96 0.93 0.79 0.92 0.87 1.1 1.05 0.75 0.99 0.99 1.21 1.17 1.0 1.16 1.1 1.39 1.32 0.95 0.53 0.49 0.54 0.79 0.77 0.76 0.91 0.63 0.91 0.59 0.67 0.62 0.6900000000000001 1.0 0.97 0.96 1.15 0.8 1.15 0.75 0.48 0.46 0.39 0.55 0.34 0.49 0.38 0.61 0.62 0.47000000000000003 0.61 0.59 0.5 0.7 0.44 0.62 0.48 0.77 0.79 0.6 0.62 0.58 0.44 0.64 0.43 0.67 0.6900000000000001 0.5 0.63 0.37 0.79 0.73 0.56 0.81 0.55 0.85 0.87 0.63 0.8 0.47000000000000003 1.11 1.34 1.55 1.25 1.82 1.57 1.34 1.51 1.08 1.83 1.4 1.69 1.95 1.57 2.28 1.97 1.69 1.9 1.36 2.3 0.93 0.98 0.81 0.61 0.6900000000000001 0.54 0.59 0.83 0.53 0.92 1.17 1.24 1.02 0.77 0.87 0.6900000000000001 0.75 1.05 0.67 1.16 1.02 0.7 1.2 1.16 1.19 0.79 1.22 0.74 1.12 0.8 1.28 0.89 1.51 1.46 1.5 1.0 1.53 0.9400000000000001 1.41 1.01 0.95 1.83 1.73 1.01 1.18 1.29 1.46 1.64 1.76 1.44 1.2 2.3 2.17 1.27 1.48 1.62 1.83 2.0599999999999996 2.21 1.81 1.14 1.02 1.09 0.97 0.9400000000000001 1.31 1.39 1.28 1.45 1.1300000000000001 1.43 1.28 1.37 1.22 1.19 1.65 1.75 1.61 1.82 1.42 1.62 1.56 1.86 1.8 1.34 1.56 1.15 1.78 1.26 1.45 2.0399999999999996 1.96 2.34 2.26 1.69 1.96 1.45 2.2399999999999998 1.58 1.82 1.47 1.58 1.61 1.62 1.12 1.15 1.59 1.48 1.35 1.29 1.85 1.99 2.0199999999999996 2.0399999999999996 1.41 1.45 2.0 1.86 1.7 1.62 1.2 1.12 1.47 1.48 1.81 1.49 1.23 1.37 1.27 1.02 1.51 1.41 1.85 1.86 2.2699999999999996 1.87 1.55 1.72 1.6 1.28 1.18 0.96 0.98 1.5 1.19 0.99 1.45 0.99 0.9 0.93 1.48 1.21 1.24 1.89 1.5 1.25 1.82 1.25 1.1300000000000001 1.17 1.58 1.32 1.91 2.13 1.3 2.32 1.67 1.71 2.1799999999999997 2.4099999999999997 1.99 1.66 2.4 2.67 1.6300000000000001 2.9099999999999997 2.0999999999999996 2.15 2.73 3.0199999999999996 0.54 0.83 0.66 0.5 0.67 0.56 0.67 0.91 0.62 0.84 0.6900000000000001 1.05 0.84 0.63 0.85 0.71 0.85 1.15 0.79 1.06 1.09 1.06 0.76 0.98 0.71 0.83 0.61 0.79 0.98 0.81 1.37 1.34 0.96 1.24 0.9 1.05 0.77 1.0 1.24 1.02 1.77 1.72 1.16 1.27 1.25 1.5 1.29 1.21 1.3800000000000001 1.49 2.2199999999999998 2.1599999999999997 1.46 1.6 1.57 1.89 1.62 1.52 1.74 1.87 1.56 1.64 1.03 1.45 1.6 1.42 1.7 1.61 1.36 1.3800000000000001 1.96 2.0599999999999996 1.3 1.82 2.01 1.78 2.13 2.0199999999999996 1.71 1.74 1.24 1.45 1.2 1.08 1.19 1.07 1.17 1.41 0.88 1.09 1.56 1.82 1.51 1.36 1.5 1.35 1.47 1.77 1.11 1.37 1.57 1.07 1.43 0.85 1.39 0.93 1.18 0.8200000000000001 1.31 0.93 1.97 1.35 1.8 1.07 1.75 1.17 1.48 1.04 1.65 1.17 0.79 0.83 0.76 0.76 0.65 1.0 0.56 0.75 0.81 0.83 1.0 1.05 0.96 0.96 0.8200000000000001 1.26 0.71 0.95 1.02 1.05 1.05 1.36 1.23 1.33 1.0 1.0 1.17 1.16 0.8200000000000001 1.3800000000000001 1.32 1.71 1.55 1.67 1.26 1.26 1.47 1.46 1.04 1.74 1.24 1.43 1.4 1.03 1.14 1.18 0.79 1.27 1.21 0.95 1.56 1.8 1.76 1.3 1.43 1.48 1.0 1.6 1.52 1.2 1.25 0.85 0.86 1.33 0.99 0.93 1.31 0.81 1.28 0.84 1.57 1.07 1.08 1.67 1.25 1.17 1.65 1.02 1.61 1.06 0.13 0.12 0.09999999999999999 0.09999999999999999 0.09 0.09999999999999999 0.08 0.09 0.14 0.08 0.17 0.16 0.13 0.13 0.12 0.13 0.11 0.12 0.19 0.11 0.88 0.83 1.08 1.16 1.22 1.04 0.91 0.89 1.23 0.79 1.11 1.05 1.36 1.46 1.53 1.31 1.15 1.12 1.55 1.0 
18.0 11.0 10.0 11.0 14.0 8.0 18.0 2.0 19.0 20.0 11.0 16.0 20.0 16.0 19.0 16.0 13.0 14.0 25.0 17.0 
15.0 9.0 7.0 8.0 11.0 5.0 15.0 4.0 16.0 17.0 8.0 13.0 17.0 13.0 16.0 14.0 10.0 11.0 22.0 14.0 
5.0 13.0 13.0 14.0 10.0 15.0 7.0 22.0 4.0 4.0 13.0 10.0 7.0 9.0 4.0 8.0 10.0 9.0 10.0 6.0 
4.0 9.0 12.0 11.0 7.0 14.0 3.0 19.0 6.0 3.0 10.0 5.0 2.0 5.0 5.0 4.0 8.0 8.0 14.0 3.0 
6.0 6.0 10.0 7.0 3.0 11.0 4.0 15.0 9.0 7.0 7.0 1.0 5.0 2.0 8.0 3.0 6.0 8.0 17.0 5.0 
8.0 9.0 6.0 11.0 9.0 7.0 11.0 14.0 8.0 10.0 8.0 11.0 12.0 10.0 8.0 9.0 6.0 4.0 12.0 9.0 
12.0 7.0 3.0 7.0 9.0 2.0 12.0 8.0 12.0 13.0 6.0 11.0 14.0 10.0 13.0 11.0 7.0 7.0 19.0 11.0 
9.0 7.0 2.0 8.0 8.0 3.0 11.0 11.0 10.0 11.0 5.0 10.0 13.0 9.0 10.0 9.0 5.0 4.0 16.0 9.0 
8.0 7.0 4.0 8.0 7.0 5.0 9.0 12.0 8.0 9.0 5.0 9.0 11.0 8.0 8.0 8.0 4.0 3.0 14.0 8.0 
12.0 5.0 8.0 3.0 7.0 8.0 11.0 8.0 14.0 14.0 5.0 9.0 13.0 9.0 14.0 10.0 9.0 10.0 22.0 11.0 
9.0 2.0 5.0 3.0 5.0 6.0 9.0 10.0 12.0 11.0 2.0 7.0 11.0 7.0 11.0 8.0 6.0 7.0 19.0 9.0 
11.0 4.0 4.0 5.0 7.0 4.0 11.0 8.0 12.0 12.0 4.0 9.0 13.0 9.0 12.0 9.0 6.0 7.0 19.0 10.0 
12.0 19.0 17.0 20.0 17.0 18.0 15.0 26.0 9.0 11.0 18.0 17.0 15.0 16.0 10.0 15.0 15.0 13.0 1.0 13.0 

29.0 34.0 32.0 36.0 33.0 32.0 31.0 39.0 25.0 28.0 33.0 33.0 31.0 32.0 26.0 31.0 30.0 29.0 17.0 30.0 
21.0 15.0 13.0 14.0 17.0 11.0 21.0 5.0 22.0 23.0 14.0 19.0 23.0 19.0 22.0 20.0 17.0 17.0 28.0 21.0 
